74126132
250263328
NULL
74136600
NULL
260551257
736140
15038727
74141817
NULL
73481187
75635339
213333479
NULL
105764512
170504354
NULL
344447
3848696
46592212
162322551
158516933
193085545
17511792
212585985
NULL
NULL
77900663
66351
129185934
NULL
40286892
119386
NULL
NULL
175598595
270922501
79996398
331218
5826370
44005
NULL
210206332
79995555
NULL
NULL
NULL
NULL
NULL
177964575
278115738
71311873
3269858
62772
NULL
7291981
153421296
201281514
39315
NULL
18759125
NULL
195766734
201282165
NULL
NULL
63369
NULL
NULL
76532717
192775837
199501700
85854
NULL
121255855
374378
82315
NULL
258500608
886284
290334563
266203734
159364442
68091978
23419592
NULL
107631005
6255287
488534
61546
258352
NULL
167358001
158556880
140781811
5270971
NULL
197973066
77961661
310543
40284897
NULL
59445785
48039
310494
284532525
76533043
134403
NULL
NULL
185644706
168638774
310450
250687465
250156232
192827122
284524778
118098
296225603
203773381
28397418
106225386
NULL
152342737
203303421
150447340
78403937
175396343
79575284
NULL
252723845
256611439
170506766
NULL
NULL
43447354
NULL
291353856
5522024
186933673
NULL
153013686
131273396
NULL
61940
198278389
270899171
7227267
76535155
1285858
257837795
207128750
48067
75078726
267651227
557193
267550160
NULL
6759122
216551517
NULL
29586836
NULL
NULL
139987253
39312586
NULL
NULL
251121168
252991210
NULL
89319049
216101627
NULL
291353993
128245
168376392
157415148
NULL
1483678
523160
41253371
261179226
5521992
NULL
614991
267651222
70257696
256680079
20884398
1286515
59387322
337733
219054692
411203
265752411
50104056
403649
405741
82455375
614472
254663293
202394433
2419203
218480327
50235531
216546634
3251350
40286256
270901825
1008537
158588190
131366942
382504
288531344
261180148
125301193
738467
1484069
218167650
379918
220067609
489600
202678251
267651206
NULL
318557
202681192
250691987
1586362
108231902
185603449
281790249
194983
284497294
NULL
631994
4993390
251016654
137656901
496820
40284558
139986995
NULL
64050
614915
20003595
268323598
65041635
42031885
218761229
285606497
73538134
100982890
74135537
311861
40287418
NULL
59388247
192841225
106238520
1286358
150116970
5661286
40458557
NULL
552038
275142254
762573
288554821
2581299
199278449
552142
NULL
6272369
257055438
285602764
218183346
237675
268524789
351172
84314
5661315
262875115
158571524
155713664
264127993
100982378
45353
64078
5411133
159667926
102065
124886038
254786571
258062345
40458482
157475333
197993457
81712
21770166
NULL
NULL
4512597
102096
128282
267485375
261706154
1049614
27243642
73541338
NULL
294083749
111436
NULL
169605893
30535705
259483335
2157865
272750643
59389655
64295
51957158
406575
164370739
718368
21770107
170256304
285920076
267651925
91429152
NULL
141708865
519563
192689128
5559908
NULL
267978454
285472927
217695572
147397
217292364
470252
167101522
27243381
170345684
157439980
120146434
3730827
23965894
141709446
2927509
158819084
192839886
409925
382834
129706
NULL
93534
NULL
79958
150603416
162595272
NULL
408045
192806191
102150
263229
NULL
NULL
158617952
406659
211541840
170409940
198155305
210517708
192934585
553222
64958
128665718
NULL
191361
255976915
553486
282428781
107529577
70824950
19842880
41704805
153016096
252385859
72968262
290221133
266317242
78424999
NULL
78404856
NULL
78426778
NULL
252385919
NULL
306770
252926769
160333425
280370916
NULL
250903819
185672647
NULL
NULL
719507
576520
NULL
6725322
259175315
15121063
191262
648463
NULL
296046
190237023
555165
NULL
27289113
113383
NULL
853265
338414
286128938
616263
256828796
994411
NULL
576653
266603040
704096
NULL
152996781
NULL
346761
41368106
252702519
167557
70258437
193204065
79319447
188520382
NULL
186166282
285862566
251652523
21700635
217274413
253199965
NULL
260331438
205889948
19842880
NULL
65619601
829966
7264798
217291850
190733188
81334397
605301
266610001
283662602
NULL
NULL
285394369
71291835
NULL
75101585
346785
118127946
4840207
113448
204302181
311200
7265014
19802612
768712
140755569
117018235
220151351
197994023
250874597
75573397
3022583
NULL
205597
260945
5245318
386026
2356263
59389719
252702875
65620466
136012
73537070
NULL
155534
NULL
NULL
NULL
269572838
7060177
3719149
185798980
258733578
283662468
682497
NULL
274177861
NULL
352683
210039073
84243
253196203
NULL
156966293
150121929
31740123
558443
90517582
285461734
994618
162480170
122119170
78913643
79005749
155656963
4978293
49249592
14781635
214145442
162563989
NULL
17801129
31739912
117012391
529231
202088779
203708420
3022999
260525291
567581
411490
5522351
NULL
204216450
NULL
353878
189236068
210524272
NULL
247230
NULL
567497
294361410
NULL
7216327
252385770
122433983
5805839
278129100
203793465
2555390
145192336
NULL
19034712
385794
364867
259763442
3030712
150123853
254344779
100981381
357253
115821017
560986
NULL
1970650
84170
55088121
208292544
NULL
548647
212852926
3023210
748111
NULL
250979867
282971813
279584061
73246132
NULL
113736
59414636
166413
151978712
61214634
364901
215178948
200007806
490610
267826054
191446615
189233622
193962997
70859895
196393427
NULL
192967260
279888941
81865947
14754572
3032538
5246051
79565550
288135923
7206268
278128669
55089006
NULL
716656
NULL
605095
312149
282970870
281620274
636892
124017
83386606
6218270
NULL
749077
83448003
59400602
251281873
117334583
6727329
120990049
83146153
2206627
524582
2902612
192788608
286659194
78914238
NULL
42263171
109886
7060469
81373432
49249888
65075311
NULL
251720490
199983
75112739
258198881
180137060
NULL
343600
267716220
166904
3035017
19034257
40459819
NULL
14754610
170144081
154684196
73499132
749309
6249451
NULL
271962420
4194754
364641
496721
288277647
114688
122112057
192754650
NULL
22619220
NULL
NULL
131747529
569926
3275889
1108435
3842337
162243185
NULL
214474129
NULL
368713
2206431
526480
829880
1295783
278116714
7206381
274572584
82498416
121012566
614283
NULL
880947
191450810
77122
147304
6654037
31134178
270055445
5237103
162447606
252111
364792
252556
751941
163941
73506630
155232
157316517
31210517
NULL
340752
267725677
NULL
53244686
260495470
283033231
2001386
115937
6725201
115183
181572851
74143953
252764
187563785
388296
157802187
254985185
1751634
NULL
6655669
3246883
NULL
NULL
120726
NULL
24074941
NULL
2988625
853254
288660696
169712934
6729482
294818554
608278
270246704
290813308
388506
272782170
262734645
73538040
158469825
162581834
115294
121088279
NULL
217008895
204669326
192797464
NULL
115509
109214
217763130
5132583
6911949
63196975
41523814
254543
173755
53255553
NULL
18759546
NULL
19843151
65069984
281908339
4976573
NULL
119168935
3267793
312545
NULL
640380
290663545
78974242
1092886
168383708
79579995
21696103
159252049
612294
5506611
19820496
2989729
792608
3444669
NULL
157459342
169457
214473832
30357386
642157
157448971
NULL
193875537
164472
NULL
NULL
207637591
NULL
259936
3502948
281701670
NULL
4976727
207659648
657552
157490386
162864
18760045
861402
164369146
315457
3197515
96029501
5620178
NULL
NULL
156137
49269670
213347125
192812283
774982
190392344
NULL
3195595
9685626
504092
767335
157433155
NULL
153283
265921490
80067461
316436
411861
377440
952887
157496745
116527
3240563
175889268
NULL
5641518
377654
275589260
44232260
NULL
281116024
275260843
NULL
NULL
187454164
15224879
193123180
215211647
505170
NULL
NULL
281242279
170502
202787636
20922072
360678
268284599
278117838
280377293
2001824
26139633
131747163
275351947
61601761
17801061
32426652
275982175
405925
72787298
108107
280367135
122726
207952645
3445831
3027601
405148
358952
250524932
64513
NULL
279889278
362114
42263092
277575431
7373480
NULL
80815197
266407968
255836651
281908077
57998623
20920260
567191
1010768
169717715
560424
79765126
7057794
275223056
7782578
216114339
47806273
330864
278333077
111908
149440
993922
NULL
1001780
684888
216740697
352208
156627
627308
790293
192901525
316109
1484820
1049876
1852471
569147
17588932
280591723
267782129
14944368
6433580
275230921
5369805
1883513
18762171
1265213
3640667
363908
1645821
285268899
3538746
11567197
7373623
21393649
121023901
24245496
203224893
23204023
279317682
25509882
201257489
5881209
272013967
152819397
260737609
5926607
5563341
17804473
73536016
7218318
30524240
193085791
14268749
45022409
63570677
52311104
275231191